1577
1576
1575
1574
1573
1571
1564
1558
1557
1556
1422
1554
1552
1551
1550
1462
1548
1547
1546
1543
1034
1539
1530
1526
1517
1516
1350
1491
1487
1475
1423
958
1461
1460
1455
1454
1577
1576
1575
1574
1573
1571
1564
1558
1557
1556
1422
1554
1552
1551
1550
1462
1548
1547
1546
1543
1034
1539
1530
1526
1517
1516
1350
1491
1487
1475
1423
958
1461
1460
1455
1454
1577
1576
1575
1574
1573
1571
1564
1558
1557
1556
1422
1554
1552
1551
1550
1462
1548
1547
1546
1543
1034
1539
1530
1526
1517
1516
1350
1491
1487
1475
1423
958
1461
1460
1455
1454
1577
1576
1575
1574
1573
1571
1564
1558
1557
1556
1422
1554
1552
1551
1550
1462
1548
1547
1546
1543
1034
1539
1530
1526
1517
1516
1350
1491
1487
1475
1423
958
1461
1460
1455
1454
